1 1088 640
2 960 512
1 1408 -320
1 1280 -256
1 1152 640
1 1536 -384
1 1152 640
1 1152 576
1 1088 576
2 2112 256
2 1024 512
1 960 448
1 896 448
1 832 448
1 1920 -320
1 2304 -320
0 1152 128.5
1 1152 768
1 1152 704
1 1024 -256
1 1408 -384
1 1984 -320
1 1792 -256
1 2048 -256
1 64 -384
2 2240 -448
1 1088 576
1 832 -256
1 1472 -384
1 2240 -320
1 2112 -256
1 1280 -320
2 896 512
1 1088 768
1 1152 832
2 768 -192
1 1344 -320
2 1024 576
1 1600 -384
1 1792 -384
1 1856 -384
1 2240 -384
1 2240 -256
1 704 -320
2 2048 -192
1 1216 -320
1 704 -256
1 2112 -384
1 2048 -384
1 1920 -384
1 1728 -384
1 1664 -384
1 1152 640
2 1600 -192
1 448 -256
1 192 -320
1 384 448
1 1216 832
1 1216 704
1 1216 640
1 1216 576
1 1216 512
1 1216 768
1 1152 640
1 1152 576
1 1152 512
1 1152 448
1 1152 384
1 1088 448
1 1088 512
1 1088 384
1 1088 320
1 1088 256
1 1088 192
1 1088 128
1 1088 64
1 1088 0
1 1344 576
2 256 -448
2 448 -448
2 704 -448
2 2048 -448
2 1920 -448
2 1792 -448
2 1728 -448
2 1472 -192
1 192 -64
1 256 0
1 192 0
1 128 0
1 64 0
2 512 512
2 384 512
2 256 512
2 128 512
1 64 384
2 0 512
2 640 512
2 1088 896
1 1216 -256
2 704 512
1 1088 704
1 768 -384
1 896 -320
0 1216 704
1 704 -384
1 448 448
1 640 -256
2 2112 -192
1 640 -320
1 832 -256
1 128 -384
2 0 192
2 1408 768
1 640 -256
0 1216 128.5
1 640 -256
1 1024 448
2 448 -192
1 832 -256
2 1024 768
1 1280 -256
1 768 -256
2 64 512
1 1088 -128
1 1088 384
1 128 -192
1 448 320
2 2176 -448
1 128 -128
2 192 512
1 704 -320
1 832 -384
1 768 -320
0 1280 128.5
1 256 -256
1 896 -384
1 320 -256
1 832 -320
1 704 -384
1 832 -320
2 0 384
1 64 384
1 64 320
1 64 256
1 64 192
1 64 128
1 64 64
1 128 64
1 192 64
1 256 64
1 384 -320
2 1536 -448
2 1600 -448
2 1152 -448
2 1088 -448
2 960 -448
2 768 -448
2 512 -448
2 576 -448
2 320 -448
2 0 -320
2 64 -448
1 1024 64
2 128 -448
1 1024 128
2 0 -192
2 0 -448
2 384 -448
2 640 -448
2 832 -448
2 896 -448
2 320 -64
2 1216 -448
2 1280 -448
2 1472 -448
1 768 -256
1 256 128
1 192 128
1 128 128
1 128 192
1 192 192
1 256 192
1 128 -320
2 1408 -448
2 1344 -448
2 320 64
2 320 0
2 320 128
2 320 192
2 384 256
2 448 256
2 0 -384
2 0 -256
1 1024 192
1 128 -256
1 896 -256
1 1088 -320
2 1024 896
2 0 320
2 192 -448
1 64 448
1 1024 -256
1 704 448
1 448 256
1 960 -256
2 1856 -448
2 320 256
1 192 256
1 128 256
1 128 320
1 192 320
1 256 320
2 832 512
1 768 -256
1 448 320
1 512 320
1 576 320
1 640 320
1 704 320
1 768 320
1 832 320
1 896 320
1 960 320
1 1024 320
1 1024 384
1 960 384
1 896 384
1 832 384
1 768 384
1 704 384
1 640 384
1 576 384
1 512 384
1 448 384
1 384 384
1 320 384
1 256 384
1 192 384
1 128 384
1 128 448
1 64 -192
1 256 448
1 1728 -320
2 1216 896
1 1984 -384
1 640 -320
1 1472 -320
1 640 -384
1 896 -320
0 1152 64.5
1 64 384
1 768 -256
2 0 256
2 1792 256
1 256 320
1 704 -320
1 1344 640
1 192 -192
1 1088 -192
1 576 -256
1 384 320
2 0 128
2 0 0
2 768 512
2 0 64
2 0 -64
2 0 -128
1 960 -320
2 1024 832
2 1024 -448
1 448 -256
2 1664 -448
1 256 -128
1 256 -64
1 256 -256
1 192 -256
1 192 -128
1 64 -64
1 64 -256
1 64 -128
1 64 -256
1 192 -256
1 1152 -384
1 2112 -320
2 1024 64
2 320 -128
1 2048 -320
1 128 -64
1 1088 -320
1 512 -384
1 1600 -256
1 1280 -384
1 1856 -320
1 1216 -128
1 2304 -256
1 832 -320
1 1600 -320
1 1152 -320
1 1280 -192
1 1088 -256
1 832 -256
1 640 -320
1 1088 -256
2 1472 512
2 704 -192
1 1024 -384
1 1088 -320
1 2176 -384
2 0 448
1 2496 448
1 2496 384
1 2496 320
2 1728 256
2 1984 256
2 1408 -64
1 256 -192
1 2304 -384
1 1920 -256
1 1344 768
1 320 -256
1 1728 -256
1 1664 -256
1 1344 -64
1 1088 -128
2 1408 -192
1 1344 -128
1 256 -320
1 512 -384
1 1088 -192
1 1216 -384
1 448 -320
2 1408 128
1 192 -320
2 1920 -192
1 1344 832
2 1024 0
1 1344 0
1 1280 0
1 1216 0
1 1152 0
1 1152 64
1 1216 64
1 1280 64
1 1344 64
2 1024 -192
1 1088 -128
1 576 -256
2 2176 -192
1 128 -320
1 256 -384
1 192 -384
1 1344 -128
2 512 -192
1 896 -384
1 256 -320
1 512 -384
1 832 -384
1 576 448
1 1152 -64
1 64 -320
1 1344 704
1 128 -320
2 1984 -448
1 768 -384
1 1152 -192
1 320 448
2 320 -192
0 1152 192
2 2112 -448
2 320 512
2 448 512
2 576 512
1 960 -384
1 1088 0
1 384 -320
1 2176 -320
1 1856 -256
2 896 -192
1 1344 128
1 1280 128
1 1216 128
1 1152 128
1 1152 192
1 1216 192
1 1280 192
1 1344 192
2 1856 -192
1 64 -320
1 320 -320
2 832 -192
2 1984 -192
1 384 -256
2 640 -192
1 1280 -64
1 1088 832
1 896 -256
1 704 -256
1 1152 -384
1 1024 384
2 1024 640
1 448 -384
2 1728 -192
1 512 -256
1 2368 320
2 1856 256
1 2432 384
1 2368 384
1 2368 448
2 2304 -192
1 192 448
1 1536 -320
1 1344 -192
1 1088 -192
1 1088 -192
1 1024 -320
1 1216 -192
1 576 -384
1 1344 -192
1 1792 -320
1 1664 -320
1 960 -320
1 1472 -256
1 1088 -64
2 1024 192
1 1344 -256
2 1408 64
1 1152 -128
2 1408 576
1 960 -256
1 1152 -256
2 1408 -128
1 896 -320
1 1536 -256
2 448 256
2 1664 -192
1 2432 448
1 576 -320
2 2048 256
2 576 -192
2 2304 -448
1 1024 -320
1 1088 -384
0 1280 128
1 384 -384
1 1280 -256
1 1152 -320
1 1536 -256
1 448 -384
2 1792 -192
2 1024 704
1 384 -320
1 1344 256
1 1280 256
1 1216 256
1 1152 256
1 1152 320
1 1216 320
1 1280 320
1 1344 320
1 1408 320
1 1472 320
1 1536 320
1 1600 320
1 1664 320
1 1728 320
1 1792 320
1 1856 320
1 1920 320
1 1984 320
1 2048 320
1 2112 320
1 2176 320
1 2240 320
1 2304 320
1 2304 384
1 2240 384
1 2176 384
1 2112 384
1 2048 384
1 1984 384
1 1920 384
1 1856 384
1 1792 384
1 1728 384
1 1664 384
1 1600 384
1 1536 384
1 1472 384
1 1408 384
1 1344 384
1 1280 384
1 1216 384
1 1216 448
1 1280 448
1 1344 448
1 1408 448
1 1472 448
1 1536 448
1 1600 448
1 1664 448
1 1728 448
1 1792 448
1 1856 448
1 1920 448
1 1984 448
1 2048 448
1 2112 448
1 2176 448
1 2240 448
1 2304 448
2 2240 -192
1 2176 -256
1 512 -320
1 1024 -384
2 1024 -128
1 896 -256
1 1088 -256
2 960 -192
1 512 -384
1 1152 -192
1 1152 -128
2 1024 128
1 384 -256
1 1280 -128
1 1216 -64
1 640 -384
1 896 -384
1 320 -384
1 1024 -320
1 1408 -256
1 640 -320
1 384 -384
2 1408 832
1 640 -320
2 2176 256
1 1024 -256
1 640 -384
1 1984 -256
1 384 -384
2 1408 0
1 256 256
1 384 -384
1 576 -384
1 1344 -384
2 384 -192
1 1536 -320
2 1536 -192
1 320 320
0 1152 64
1 768 448
1 640 448
1 512 448
2 1152 896
2 1344 896
2 1408 896
2 1408 704
2 1408 640
2 1408 512
2 1920 256
2 1280 896
1 1344 512
1 1280 512
1 1280 576
1 1280 640
1 1280 704
1 1280 768
1 1280 832
1 1088 -384
2 2496 512
2 2368 512
2 2304 512
2 2240 512
2 2432 512
2 2176 512
2 2112 512
2 2048 512
2 1984 512
2 1920 512
2 1856 512
2 1792 512
2 1728 512
2 1664 512
2 1600 512
2 1536 512
2 1408 256
2 1472 256
2 1536 256
2 1600 256
2 1664 256
2 2496 256
2 2432 256
2 2368 256
2 2304 256
2 2240 256
1 2432 320
2 1408 192
2 960 256
2 1024 192
2 1024 256
2 896 256
2 832 256
2 768 256
2 704 256
2 640 256
2 576 256
2 512 256
25 384.712 -128.645
25 448.712 -128.645
25 512.712 -128.645
25 512.712 -64.645
25 576.712 -64.645
25 640.712 -64.645
25 640.712 -128.645
25 704.712 -128.645
25 576.712 -128.645
25 704.918 -64.645
25 768.964 -128.645
25 896.956 -128.645
25 896.536 -64.645
25 960.536 -64.645
25 1024.54 -64.645
25 896.867 0.414673
25 832.44 0.414673
25 768.308 0.414673
25 832.063 -64.5853
25 704.128 0.343689
25 576.397 0.0742188
25 576.75 64.7214
25 640.438 -63.9736
25 704.046 64.3464
25 512.083 128.346
25 448.083 128.346
25 384.083 128.346
25 384.083 192.346
25 448.083 192.346
25 512.083 192.346
25 576.083 192.346
25 640.083 192.346
25 704.083 192.346
25 768.083 192.346
25 832.083 192.346
25 896.083 192.346
25 960.083 192.346
25 960.083 128.346
25 960.083 64.3464
25 960.083 0.346436
25 1024.08 0.346436
25 704.135 64.4072
25 640.135 64.4072
25 640.135 128.407
25 576.135 128.407
25 704.135 128.407
25 768.135 128.407
25 832.135 128.407
25 896.135 128.407
25 896.135 64.4072
25 832.135 64.4072
25 768.135 64.4072
25 576.006 64.4072
25 512.003 64.4072
25 384.991 64.4072
25 448.991 0.361206
25 512.991 0.361206
25 576.991 0.361206
25 512.991 -63.6388
25 448.991 -63.6388
24 384.918 0.860962
25 384.991 0.361206
25 640.991 0.361206
25 704.991 0.361206
25 704.991 -63.6388
25 768.991 -63.6388
25 448.991 0.361206
25 448.991 64.3612
25 512.991 64.3612
25 576.991 64.3612
25 896.139 -63.139
25 832.139 0.860962
25 832.364 -128.139
25 960.364 -128.139
25 384.918 -64.139
0 1280 64
0 1280 128.5
0 1152 192
4 1024.29 -63.4513
4 1024 -64
3 128.083 -256.039
